# This file may be used to create an environment using:
# $ conda create --name <env> --file <this file>
# platform: win-64
asttokens=2.4.1=pyhd8ed1ab_0
bzip2=1.0.8=hcfcfb64_5
ca-certificates=2024.2.2=h56e8100_0
certifi=2024.2.2=pypi_0
charset-normalizer=3.3.2=pypi_0
click=8.1.7=pypi_0
colorama=0.4.6=pyhd8ed1ab_0
comm=0.2.2=pyhd8ed1ab_0
debugpy=1.8.1=py311h12c1d0e_0
decorator=5.1.1=pyhd8ed1ab_0
et-xmlfile=1.1.0=pypi_0
exceptiongroup=1.2.0=pyhd8ed1ab_2
executing=2.0.1=pyhd8ed1ab_0
idna=3.6=pypi_0
importlib-metadata=7.1.0=pyha770c72_0
importlib_metadata=7.1.0=hd8ed1ab_0
intel-openmp=2024.0.0=h57928b3_49841
ipykernel=6.29.3=pyha63f2e9_0
ipython=8.22.2=pyh7428d3b_0
jedi=0.19.1=pyhd8ed1ab_0
joblib=1.3.2=pypi_0
jupyter_client=8.6.1=pyhd8ed1ab_0
jupyter_core=5.7.2=py311h1ea47a8_0
libblas=3.9.0=21_win64_mkl
libcblas=3.9.0=21_win64_mkl
libexpat=2.6.2=h63175ca_0
libffi=3.4.2=h8ffe710_5
libhwloc=2.9.3=default_haede6df_1009
libiconv=1.17=hcfcfb64_2
liblapack=3.9.0=21_win64_mkl
libsodium=1.0.18=h8d14728_1
libsqlite=3.45.2=hcfcfb64_0
libxml2=2.12.6=hc3477c8_1
libzlib=1.2.13=hcfcfb64_5
matplotlib-inline=0.1.6=pyhd8ed1ab_0
mkl=2024.0.0=h66d3029_49657
nest-asyncio=1.6.0=pyhd8ed1ab_0
nltk=3.8.1=pypi_0
numpy=1.26.4=py311h0b4df5a_0
openpyxl=3.1.2=pypi_0
openssl=3.2.1=hcfcfb64_1
packaging=24.0=pyhd8ed1ab_0
pandas=2.2.1=py311hf63dbb6_0
parso=0.8.3=pyhd8ed1ab_0
pickleshare=0.7.5=py_1003
pip=24.0=pyhd8ed1ab_0
platformdirs=4.2.0=pyhd8ed1ab_0
praw=7.7.1=pypi_0
prawcore=2.4.0=pypi_0
prompt-toolkit=3.0.42=pyha770c72_0
psutil=5.9.8=py311ha68e1ae_0
pthreads-win32=2.9.1=hfa6e2cd_3
pure_eval=0.2.2=pyhd8ed1ab_0
pygments=2.17.2=pyhd8ed1ab_0
python=3.11.8=h2628c8c_0_cpython
python-dateutil=2.9.0=pyhd8ed1ab_0
python-tzdata=2024.1=pyhd8ed1ab_0
python_abi=3.11=4_cp311
pytz=2024.1=pyhd8ed1ab_0
pywin32=306=py311h12c1d0e_2
pyzmq=25.1.2=py311h9250fbb_0
regex=2023.12.25=pypi_0
requests=2.31.0=pypi_0
setuptools=69.2.0=pyhd8ed1ab_0
six=1.16.0=pyh6c4a22f_0
stack_data=0.6.2=pyhd8ed1ab_0
tbb=2021.11.0=h91493d7_1
tk=8.6.13=h5226925_1
tornado=6.4=py311ha68e1ae_0
tqdm=4.66.2=pypi_0
traitlets=5.14.2=pyhd8ed1ab_0
truststore=0.8.0=pypi_0
typing_extensions=4.10.0=pyha770c72_0
tzdata=2024a=h0c530f3_0
ucrt=10.0.22621.0=h57928b3_0
update-checker=0.18.0=pypi_0
urllib3=2.2.1=pypi_0
vc=14.3=hcf57466_18
vc14_runtime=14.38.33130=h82b7239_18
vs2015_runtime=14.38.33130=hcb4865c_18
wcwidth=0.2.13=pyhd8ed1ab_0
websocket-client=1.7.0=pypi_0
wheel=0.43.0=pyhd8ed1ab_0
xz=5.2.6=h8d14728_0
zeromq=4.3.5=h63175ca_1
zipp=3.17.0=pyhd8ed1ab_0
